julia/user/A_binavg.cnv
* Sea-Bird SBE 9 Data File:
* FileName = D:\CR2022\A.dat
* Software Version Seasave Win32 V 5.39c
* Temperature SN = 1572
* Conductivity SN = 04-4107
* Number of Bytes Per Scan = 38
* Number of Voltage Words = 5
* Number of Scans Averaged by the Deck Unit = 1
* NMEA Latitude = 21 44.700 N
* NMEA Longitude = 120 19.990 E
* NMEA UTC (Time) = Sep 11 2017  09:41:27
** Ship:  Ocean Research No.3
** Cruise:  3-2022
** Station:  A
** Latitude:   21-44.712
** Longitude:  120-118.987
** Depth: 1801M
# nquan = 9
# nvalues = 395                         
# units = specified
# name 0 = timeS: Time, Elapsed [seconds]
# name 1 = longitude: Longitude [deg]
# name 2 = latitude: Latitude [deg]
# name 3 = prDM: Pressure, Digiquartz [db]
# name 4 = depSM: Depth [salt water, m]
# name 5 = t090C: Temperature [ITS-90, deg C]
# name 6 = sal00: Salinity, Practical [PSU]
# name 7 = timeJ: Julian Days
# name 8 = flag: flag
# span 0 =     25.608,   4104.781       
# span 1 =  120.33306,  120.34202       
# span 2 =   21.73544,   21.74489       
# span 3 =      5.031,    998.586       
# span 4 =      5.000,    990.000       
# span 5 =     4.2652,    29.6237       
# span 6 =    33.5833,    34.9571       
# span 7 = 254.404070, 254.451282       
# span 8 = 0.0000e+00, 0.0000e+00       
# interval = meters: 5                  
# start_time = Sep 11 2017 09:41:26 [System UTC, first data scan.]
# bad_flag = -9.990e-29
*END*
[from data line 161]
   1715.840  120.33604   21.73984    816.670    810.000     5.1900    34.4931 254.423632 0.0000e+00
   1724.910  120.33605   21.73982    821.721    815.000     5.1622    34.4939 254.423737 0.0000e+00
   1733.625  120.33606   21.73980    826.772    820.000     5.1077    34.4959 254.423838 0.0000e+00
   1742.651  120.33607   21.73979    831.823    825.000     5.0762    34.4968 254.423943 0.0000e+00
   1751.595  120.33609   21.73978    836.875    830.000     5.0602    34.4972 254.424046 0.0000e+00
   1760.517  120.33611   21.73976    841.926    835.000     5.0497    34.4986 254.424149 0.0000e+00
   1769.487  120.33613   21.73975    846.978    840.000     5.0506    34.4988 254.424253 0.0000e+00
   1778.446  120.33614   21.73973    852.030    845.000     5.0498    34.4987 254.424357 0.0000e+00
   1787.521  120.33616   21.73972    857.082    850.000     5.0456    34.4990 254.424462 0.0000e+00
   1796.473  120.33618   21.73970    862.134    855.000     5.0170    34.5001 254.424566 0.0000e+00
   1805.352  120.33620   21.73968    867.186    860.000     4.9734    34.5013 254.424668 0.0000e+00
   1814.627  120.33621   21.73967    872.239    865.000     4.9369    34.5023 254.424776 0.0000e+00
   1823.570  120.33624   21.73965    877.291    870.000     4.9017    34.5040 254.424879 0.0000e+00
   1832.661  120.33625   21.73964    882.344    875.000     4.8655    34.5055 254.424985 0.0000e+00
   1841.707  120.33627   21.73962    887.396    880.000     4.8041    34.5077 254.425089 0.0000e+00
   1850.768  120.33630   21.73960    892.449    885.000     4.7722    34.5085 254.425194 0.0000e+00
   1859.992  120.33631   21.73958    897.502    890.000     4.7122    34.5108 254.425301 0.0000e+00
   1869.014  120.33633   21.73956    902.555    895.000     4.6860    34.5116 254.425405 0.0000e+00
   1878.218  120.33636   21.73954    907.608    900.000     4.6697    34.5119 254.425512 0.0000e+00
   1887.355  120.33638   21.73952    912.661    905.000     4.6591    34.5122 254.425618 0.0000e+00
   1896.480  120.33640   21.73951    917.715    910.000     4.6486    34.5125 254.425723 0.0000e+00
   1905.687  120.33642   21.73949    922.768    915.000     4.6346    34.5130 254.425830 0.0000e+00
   1914.944  120.33644   21.73947    927.822    920.000     4.6140    34.5138 254.425937 0.0000e+00
   1923.999  120.33646   21.73945    932.876    925.000     4.6044    34.5140 254.426042 0.0000e+00
   1933.177  120.33648   21.73943    937.930    930.000     4.5979    34.5141 254.426148 0.0000e+00
   1942.418  120.33651   21.73941    942.984    935.000     4.5900    34.5144 254.426255 0.0000e+00
   1951.523  120.33652   21.73939    948.038    940.000     4.5762    34.5150 254.426360 0.0000e+00
   1960.713  120.33655   21.73937    953.092    945.000     4.5434    34.5167 254.426467 0.0000e+00
   1969.915  120.33656   21.73935    958.146    950.000     4.5313    34.5171 254.426573 0.0000e+00
   1979.099  120.33658   21.73933    963.201    955.000     4.5182    34.5180 254.426679 0.0000e+00
   1988.317  120.33660   21.73931    968.255    960.000     4.4941    34.5191 254.426786 0.0000e+00
   1997.612  120.33663   21.73929    973.310    965.000     4.4730    34.5201 254.426894 0.0000e+00
   2007.217  120.33665   21.73928    978.365    970.000     4.4502    34.5211 254.427005 0.0000e+00
   2017.009  120.33667   21.73925    983.420    975.000     4.3726    34.5248 254.427118 0.0000e+00
   2026.933  120.33671   21.73923    988.475    980.000     4.3183    34.5268 254.427233 0.0000e+00
   2036.516  120.33673   21.73921    993.530    985.000     4.2798    34.5280 254.427344 0.0000e+00
   2052.800  120.33677   21.73917    998.586    990.000     4.2652    34.5280 254.427532 0.0000e+00
   2073.793  120.33683   21.73913    993.530    985.000     4.2679    34.5274 254.427775 0.0000e+00
   2083.411  120.33685   21.73910    988.475    980.000     4.2837    34.5268 254.427887 0.0000e+00
   2094.552  120.33689   21.73907    983.420    975.000     4.3125    34.5256 254.428016 0.0000e+00
   2106.283  120.33692   21.73905    978.365    970.000     4.3447    34.5244 254.428151 0.0000e+00
   2117.478  120.33695   21.73902    973.310    965.000     4.3959    34.5222 254.428281 0.0000e+00
   2128.508  120.33698   21.73900    968.256    960.000     4.4352    34.5204 254.428409 0.0000e+00
   2139.486  120.33701   21.73897    963.201    955.000     4.4491    34.5202 254.428536 0.0000e+00
   2151.207  120.33704   21.73895    958.146    950.000     4.4790    34.5190 254.428671 0.0000e+00
   2163.127  120.33707   21.73893    953.092    945.000     4.4996    34.5181 254.428809 0.0000e+00
   2172.356  120.33710   21.73890    948.038    940.000     4.5241    34.5167 254.428916 0.0000e+00
   2181.325  120.33713   21.73888    942.984    935.000     4.5352    34.5162 254.429020 0.0000e+00
   2190.047  120.33715   21.73886    937.930    930.000     4.5355    34.5164 254.429121 0.0000e+00
   2199.058  120.33717   21.73884    932.876    925.000     4.5502    34.5154 254.429225 0.0000e+00
   2207.862  120.33720   21.73882    927.822    920.000     4.5785    34.5142 254.429327 0.0000e+00
   2216.765  120.33722   21.73881    922.768    915.000     4.5943    34.5137 254.429430 0.0000e+00
   2225.478  120.33725   21.73879    917.715    910.000     4.6054    34.5133 254.429531 0.0000e+00
   2234.852  120.33727   21.73877    912.661    905.000     4.6192    34.5129 254.429639 0.0000e+00
   2245.450  120.33731   21.73874    907.608    900.000     4.6341    34.5124 254.429762 0.0000e+00
   2255.574  120.33733   21.73873    902.555    895.000     4.6491    34.5120 254.429879 0.0000e+00
   2265.663  120.33736   21.73870    897.502    890.000     4.6660    34.5113 254.429996 0.0000e+00
   2275.691  120.33739   21.73869    892.449    885.000     4.6958    34.5100 254.430112 0.0000e+00
   2285.832  120.33742   21.73867    887.396    880.000     4.7149    34.5094 254.430230 0.0000e+00
   2295.842  120.33745   21.73865    882.343    875.000     4.7343    34.5088 254.430345 0.0000e+00
   2306.026  120.33747   21.73863    877.291    870.000     4.8480    34.5036 254.430463 0.0000e+00
   2315.959  120.33751   21.73862    872.238    865.000     4.9015    34.5027 254.430578 0.0000e+00
   2326.348  120.33753   21.73860    867.186    860.000     4.9342    34.5015 254.430698 0.0000e+00
   2336.482  120.33756   21.73858    862.134    855.000     4.9674    34.5008 254.430816 0.0000e+00
   2346.952  120.33759   21.73857    857.082    850.000     4.9772    34.5011 254.430937 0.0000e+00
   2357.244  120.33762   21.73855    852.030    845.000     4.9850    34.5014 254.431056 0.0000e+00
   2367.635  120.33764   21.73854    846.978    840.000     4.9972    34.5012 254.431176 0.0000e+00
   2378.065  120.33767   21.73852    841.926    835.000     5.0144    34.5008 254.431297 0.0000e+00
   2388.573  120.33769   21.73851    836.875    830.000     5.0312    34.5001 254.431419 0.0000e+00
   2399.055  120.33772   21.73850    831.823    825.000     5.0505    34.4986 254.431540 0.0000e+00
   2409.788  120.33774   21.73848    826.772    820.000     5.0645    34.4970 254.431664 0.0000e+00
   2420.149  120.33776   21.73847    821.721    815.000     5.1036    34.4948 254.431784 0.0000e+00
   2430.866  120.33778   21.73846    816.670    810.000     5.1408    34.4944 254.431908 0.0000e+00
   2441.205  120.33780   21.73844    811.619    805.000     5.1793    34.4926 254.432028 0.0000e+00
   2451.736  120.33783   21.73843    806.568    800.000     5.2032    34.4920 254.432150 0.0000e+00
   2462.468  120.33785   21.73842    801.517    795.000     5.2211    34.4921 254.432274 0.0000e+00
   2473.204  120.33787   21.73841    796.467    790.000     5.2800    34.4913 254.432398 0.0000e+00
   2483.784  120.33789   21.73840    791.416    785.000     5.3774    34.4881 254.432521 0.0000e+00
   2494.779  120.33791   21.73838    786.366    780.000     5.4195    34.4868 254.432648 0.0000e+00
   2505.621  120.33793   21.73838    781.315    775.000     5.4533    34.4850 254.432773 0.0000e+00
   2515.872  120.33794   21.73836    776.265    770.000     5.4802    34.4836 254.432892 0.0000e+00
   2526.120  120.33796   21.73836    771.215    765.000     5.5110    34.4821 254.433011 0.0000e+00
   2536.515  120.33797   21.73834    766.165    760.000     5.5259    34.4818 254.433131 0.0000e+00
   2546.861  120.33799   21.73834    761.116    755.000     5.5437    34.4820 254.433251 0.0000e+00
   2557.162  120.33801   21.73832    756.066    750.000     5.5996    34.4803 254.433370 0.0000e+00
   2567.520  120.33803   21.73831    751.016    745.000     5.6455    34.4787 254.433490 0.0000e+00
   2577.647  120.33804   21.73830    745.967    740.000     5.7140    34.4753 254.433607 0.0000e+00
   2588.060  120.33806   21.73829    740.918    735.000     5.7746    34.4731 254.433728 0.0000e+00
   2598.423  120.33806   21.73828    735.869    730.000     5.8117    34.4717 254.433847 0.0000e+00
   2608.883  120.33808   21.73827    730.820    725.000     5.8982    34.4694 254.433969 0.0000e+00
   2619.207  120.33810   21.73826    725.771    720.000     6.0072    34.4677 254.434088 0.0000e+00
   2629.626  120.33810   21.73825    720.722    715.000     6.1258    34.4631 254.434209 0.0000e+00
   2639.925  120.33812   21.73824    715.673    710.000     6.2837    34.4572 254.434328 0.0000e+00
   2650.241  120.33813   21.73823    710.625    705.000     6.3590    34.4537 254.434447 0.0000e+00
   2660.462  120.33815   21.73822    705.576    700.000     6.3661    34.4547 254.434566 0.0000e+00
   2670.705  120.33816   21.73821    700.528    695.000     6.3802    34.4543 254.434684 0.0000e+00
   2680.912  120.33818   21.73819    695.480    690.000     6.4211    34.4532 254.434802 0.0000e+00
   2691.053  120.33820   21.73818    690.432    685.000     6.5327    34.4470 254.434920 0.0000e+00
   2701.112  120.33821   21.73816    685.384    680.000     6.5859    34.4414 254.435036 0.0000e+00
   2711.184  120.33823   21.73815    680.336    675.000     6.6536    34.4393 254.435153 0.0000e+00
   2721.275  120.33825   21.73814    675.288    670.000     6.7307    34.4321 254.435269 0.0000e+00
   2731.273  120.33827   21.73812    670.241    665.000     6.7690    34.4253 254.435385 0.0000e+00
   2741.262  120.33829   21.73811    665.193    660.000     6.8418    34.4150 254.435501 0.0000e+00
   2751.251  120.33831   21.73810    660.146    655.000     6.8758    34.4109 254.435616 0.0000e+00
   2761.188  120.33833   21.73808    655.099    650.000     6.8901    34.4095 254.435731 0.0000e+00
   2771.109  120.33835   21.73806    650.051    645.000     6.8970    34.4097 254.435846 0.0000e+00
   2780.922  120.33837   21.73805    645.004    640.000     6.9043    34.4098 254.435960 0.0000e+00
   2790.733  120.33839   21.73804    639.958    635.000     6.9138    34.4103 254.436073 0.0000e+00
   2800.676  120.33842   21.73802    634.911    630.000     6.9563    34.4126 254.436188 0.0000e+00
   2810.357  120.33844   21.73800    629.864    625.000     7.0114    34.4079 254.436300 0.0000e+00
   2820.246  120.33847   21.73798    624.818    620.000     7.0392    34.3960 254.436415 0.0000e+00
   2829.797  120.33849   21.73796    619.771    615.000     7.0839    34.3913 254.436525 0.0000e+00
   2839.568  120.33852   21.73795    614.725    610.000     7.1626    34.3904 254.436639 0.0000e+00
   2849.317  120.33854   21.73793    609.679    605.000     7.2226    34.3900 254.436751 0.0000e+00
   2859.044  120.33856   21.73791    604.633    600.000     7.3050    34.3886 254.436864 0.0000e+00
   2868.953  120.33859   21.73789    599.587    595.000     7.3442    34.3913 254.436979 0.0000e+00
   2878.870  120.33862   21.73787    594.541    590.000     7.3594    34.3933 254.437093 0.0000e+00
   2888.558  120.33864   21.73785    589.496    585.000     7.3706    34.3955 254.437206 0.0000e+00
   2898.247  120.33867   21.73783    584.450    580.000     7.4060    34.3989 254.437318 0.0000e+00
   2907.822  120.33869   21.73781    579.405    575.000     7.5235    34.4036 254.437428 0.0000e+00
   2917.154  120.33873   21.73779    574.360    570.000     7.5812    34.4036 254.437536 0.0000e+00
   2926.664  120.33875   21.73777    569.315    565.000     7.7055    34.4066 254.437647 0.0000e+00
   2936.159  120.33878   21.73776    564.270    560.000     7.8316    34.4119 254.437756 0.0000e+00
   2944.285  120.33880   21.73774    559.225    555.000     7.8790    34.4132 254.437851 0.0000e+00
   2952.110  120.33883   21.73772    554.180    550.000     7.8906    34.3902 254.437941 0.0000e+00
   2961.509  120.33885   21.73771    549.135    545.000     7.8803    34.3771 254.438050 0.0000e+00
   2971.612  120.33888   21.73769    544.091    540.000     7.8738    34.3694 254.438167 0.0000e+00
   2981.896  120.33891   21.73767    539.046    535.000     7.8784    34.3668 254.438286 0.0000e+00
   2992.177  120.33895   21.73765    534.002    530.000     7.8883    34.3639 254.438405 0.0000e+00
   3002.448  120.33897   21.73763    528.958    525.000     7.9300    34.3578 254.438524 0.0000e+00
   3012.694  120.33900   21.73761    523.914    520.000     7.9852    34.3522 254.438642 0.0000e+00
   3022.998  120.33903   21.73759    518.870    515.000     8.0340    34.3513 254.438762 0.0000e+00
   3033.405  120.33905   21.73757    513.826    510.000     8.0839    34.3515 254.438882 0.0000e+00
   3043.432  120.33908   21.73755    508.782    505.000     8.1347    34.3526 254.438998 0.0000e+00
   3053.998  120.33911   21.73753    503.739    500.000     8.1883    34.3525 254.439120 0.0000e+00
   3073.573  120.33916   21.73750    498.695    495.000     8.2088    34.3529 254.439347 0.0000e+00
   3086.243  120.33920   21.73747    493.652    490.000     8.2096    34.3529 254.439494 0.0000e+00
   3096.094  120.33922   21.73746    488.609    485.000     8.2252    34.3515 254.439608 0.0000e+00
   3105.705  120.33925   21.73744    483.566    480.000     8.2525    34.3507 254.439719 0.0000e+00
   3115.538  120.33928   21.73742    478.523    475.000     8.3426    34.3538 254.439833 0.0000e+00
   3125.469  120.33931   21.73741    473.480    470.000     8.3997    34.3553 254.439948 0.0000e+00
   3135.191  120.33933   21.73739    468.437    465.000     8.4782    34.3585 254.440060 0.0000e+00
   3144.967  120.33936   21.73738    463.395    460.000     8.5575    34.3613 254.440173 0.0000e+00
   3154.858  120.33939   21.73736    458.352    455.000     8.5725    34.3613 254.440288 0.0000e+00
   3164.775  120.33941   21.73734    453.310    450.000     8.5805    34.3605 254.440402 0.0000e+00
   3174.683  120.33944   21.73733    448.268    445.000     8.6031    34.3609 254.440517 0.0000e+00
   3184.604  120.33947   21.73731    443.226    440.000     8.6337    34.3627 254.440632 0.0000e+00
   3194.467  120.33949   21.73730    438.184    435.000     8.7079    34.3679 254.440746 0.0000e+00
   3204.415  120.33952   21.73728    433.142    430.000     8.7478    34.3701 254.440861 0.0000e+00
   3214.264  120.33954   21.73726    428.100    425.000     8.7906    34.3708 254.440975 0.0000e+00
   3224.085  120.33957   21.73725    423.058    420.000     8.8332    34.3696 254.441089 0.0000e+00
   3233.792  120.33959   21.73723    418.017    415.000     8.8354    34.3692 254.441201 0.0000e+00
   3243.499  120.33962   21.73721    412.976    410.000     8.8565    34.3677 254.441314 0.0000e+00
   3253.567  120.33964   21.73720    407.934    405.000     8.8695    34.3703 254.441430 0.0000e+00
   3263.564  120.33967   21.73718    402.893    400.000     8.8942    34.3708 254.441546 0.0000e+00
   3284.250  120.33972   21.73714    397.852    395.000     9.0833    34.3745 254.441785 0.0000e+00
   3294.271  120.33975   21.73713    392.811    390.000     9.1477    34.3464 254.441901 0.0000e+00
   3304.219  120.33978   21.73711    387.771    385.000     9.1574    34.3308 254.442016 0.0000e+00
   3314.284  120.33980   21.73710    382.730    380.000     9.2127    34.3237 254.442133 0.0000e+00
