julia/user/A_binavg.cnv
* Sea-Bird SBE 9 Data File:
* FileName = D:\CR2022\A.dat
* Software Version Seasave Win32 V 5.39c
* Temperature SN = 1572
* Conductivity SN = 04-4107
* Number of Bytes Per Scan = 38
* Number of Voltage Words = 5
* Number of Scans Averaged by the Deck Unit = 1
* NMEA Latitude = 21 44.700 N
* NMEA Longitude = 120 19.990 E
* NMEA UTC (Time) = Sep 11 2017  09:41:27
** Ship:  Ocean Research No.3
** Cruise:  3-2022
** Station:  A
** Latitude:   21-44.712
** Longitude:  120-118.987
** Depth: 1801M
# nquan = 9
# nvalues = 395                         
# units = specified
# name 0 = timeS: Time, Elapsed [seconds]
# name 1 = longitude: Longitude [deg]
# name 2 = latitude: Latitude [deg]
# name 3 = prDM: Pressure, Digiquartz [db]
# name 4 = depSM: Depth [salt water, m]
# name 5 = t090C: Temperature [ITS-90, deg C]
# name 6 = sal00: Salinity, Practical [PSU]
# name 7 = timeJ: Julian Days
# name 8 = flag: flag
# span 0 =     25.608,   4104.781       
# span 1 =  120.33306,  120.34202       
# span 2 =   21.73544,   21.74489       
# span 3 =      5.031,    998.586       
# span 4 =      5.000,    990.000       
# span 5 =     4.2652,    29.6237       
# span 6 =    33.5833,    34.9571       
# span 7 = 254.404070, 254.451282       
# span 8 = 0.0000e+00, 0.0000e+00       
# interval = meters: 5                  
# start_time = Sep 11 2017 09:41:26 [System UTC, first data scan.]
# bad_flag = -9.990e-29
*END*
[from data line 321]
   3333.820  120.33985   21.73707    372.649    370.000     9.4942    34.3257 254.442359 0.0000e+00
   3343.172  120.33988   21.73705    367.609    365.000     9.6754    34.3300 254.442467 0.0000e+00
   3352.536  120.33990   21.73704    362.569    360.000     9.8405    34.3369 254.442576 0.0000e+00
   3361.672  120.33993   21.73702    357.529    355.000    10.0061    34.3386 254.442681 0.0000e+00
   3370.789  120.33995   21.73701    352.489    350.000    10.0979    34.3403 254.442787 0.0000e+00
   3379.769  120.33997   21.73700    347.449    345.000    10.1837    34.3377 254.442891 0.0000e+00
   3388.962  120.34000   21.73698    342.409    340.000    10.2294    34.3377 254.442997 0.0000e+00
   3398.144  120.34002   21.73697    337.370    335.000    10.3799    34.3376 254.443104 0.0000e+00
   3408.057  120.34005   21.73695    332.330    330.000    10.5442    34.3445 254.443218 0.0000e+00
   3418.164  120.34008   21.73693    327.291    325.000    10.8336    34.3544 254.443335 0.0000e+00
   3427.103  120.34011   21.73692    322.252    320.000    11.0245    34.3708 254.443439 0.0000e+00
   3435.981  120.34013   21.73690    317.213    315.000    11.3075    34.3817 254.443541 0.0000e+00
   3444.850  120.34016   21.73688    312.174    310.000    11.5697    34.3934 254.443644 0.0000e+00
   3453.596  120.34018   21.73686    307.135    305.000    11.8725    34.4078 254.443745 0.0000e+00
   3462.444  120.34021   21.73685    302.096    300.000    11.9906    34.4172 254.443848 0.0000e+00
   3482.331  120.34026   21.73681    297.058    295.000    12.1076    34.4316 254.444078 0.0000e+00
   3493.892  120.34029   21.73679    292.019    290.000    12.2036    34.4390 254.444212 0.0000e+00
   3503.417  120.34032   21.73677    286.981    285.000    12.2484    34.4409 254.444322 0.0000e+00
   3513.128  120.34034   21.73676    281.943    280.000    12.2842    34.4387 254.444434 0.0000e+00
   3523.012  120.34037   21.73673    276.905    275.000    12.4380    34.4388 254.444549 0.0000e+00
   3532.643  120.34040   21.73672    271.867    270.000    12.6359    34.4496 254.444660 0.0000e+00
   3542.384  120.34043   21.73670    266.829    265.000    12.7947    34.4534 254.444773 0.0000e+00
   3551.902  120.34045   21.73668    261.792    260.000    12.9213    34.4631 254.444883 0.0000e+00
   3561.657  120.34048   21.73666    256.754    255.000    12.9895    34.4684 254.444996 0.0000e+00
   3571.209  120.34051   21.73664    251.716    250.000    13.0743    34.4746 254.445107 0.0000e+00
   3580.816  120.34053   21.73662    246.679    245.000    13.1991    34.4814 254.445218 0.0000e+00
   3590.359  120.34056   21.73659    241.642    240.000    13.3692    34.4926 254.445328 0.0000e+00
   3599.895  120.34059   21.73657    236.605    235.000    13.7962    34.5085 254.445439 0.0000e+00
   3609.287  120.34061   21.73655    231.568    230.000    14.1463    34.5267 254.445547 0.0000e+00
   3618.664  120.34065   21.73653    226.531    225.000    14.4081    34.5420 254.445656 0.0000e+00
   3628.112  120.34068   21.73650    221.494    220.000    14.9094    34.5688 254.445765 0.0000e+00
   3637.680  120.34070   21.73648    216.458    215.000    15.2339    34.5898 254.445876 0.0000e+00
   3647.132  120.34073   21.73645    211.421    210.000    15.5908    34.6161 254.445985 0.0000e+00
   3656.902  120.34075   21.73643    206.385    205.000    15.9064    34.6376 254.446098 0.0000e+00
   3670.138  120.34079   21.73640    201.349    200.000    16.3970    34.6736 254.446252 0.0000e+00
   3685.421  120.34083   21.73636    196.313    195.000    16.6807    34.6956 254.446428 0.0000e+00
   3693.719  120.34085   21.73635    191.277    190.000    17.0236    34.7138 254.446525 0.0000e+00
   3702.277  120.34088   21.73633    186.241    185.000    17.2449    34.7345 254.446624 0.0000e+00
   3713.013  120.34091   21.73630    181.205    180.000    17.3077    34.7409 254.446748 0.0000e+00
   3726.602  120.34095   21.73627    176.169    175.000    17.4108    34.7433 254.446905 0.0000e+00
   3737.993  120.34099   21.73625    171.134    170.000    17.8883    34.7569 254.447037 0.0000e+00
   3747.092  120.34101   21.73623    166.098    165.000    18.5023    34.7828 254.447142 0.0000e+00
   3756.054  120.34104   21.73621    161.063    160.000    18.7819    34.8029 254.447246 0.0000e+00
   3764.760  120.34107   21.73619    156.028    155.000    19.1900    34.8190 254.447347 0.0000e+00
   3780.097  120.34111   21.73615    150.993    150.000    21.0193    34.8885 254.447524 0.0000e+00
   3796.943  120.34117   21.73612    145.958    145.000    21.4989    34.9291 254.447719 0.0000e+00
   3803.698  120.34119   21.73610    140.923    140.000    21.6384    34.9406 254.447797 0.0000e+00
   3813.115  120.34122   21.73609    135.889    135.000    22.1559    34.9257 254.447906 0.0000e+00
   3824.454  120.34126   21.73606    130.854    130.000    22.6210    34.9151 254.448038 0.0000e+00
   3835.492  120.34129   21.73604    125.820    125.000    23.0193    34.8754 254.448165 0.0000e+00
   3846.211  120.34132   21.73602    120.786    120.000    23.6916    34.7402 254.448289 0.0000e+00
   3856.917  120.34135   21.73600    115.751    115.000    24.0750    34.6333 254.448413 0.0000e+00
   3867.552  120.34139   21.73598    110.717    110.000    24.8359    34.5306 254.448536 0.0000e+00
   3878.179  120.34142   21.73596    105.684    105.000    25.8618    34.4548 254.448659 0.0000e+00
   3892.073  120.34146   21.73593    100.650    100.000    26.1383    34.4541 254.448820 0.0000e+00
   3905.633  120.34149   21.73591     95.616     95.000    26.4463    34.4222 254.448977 0.0000e+00
   3914.228  120.34151   21.73590     90.583     90.000    26.5198    34.4303 254.449077 0.0000e+00
   3923.309  120.34154   21.73587     85.549     85.000    27.0067    34.3608 254.449182 0.0000e+00
   3932.390  120.34157   21.73586     80.516     80.000    27.2810    34.2724 254.449287 0.0000e+00
   3944.929  120.34160   21.73582     75.483     75.000    28.1095    34.1343 254.449432 0.0000e+00
   3956.867  120.34164   21.73580     70.450     70.000    28.4029    34.1061 254.449570 0.0000e+00
   3963.802  120.34166   21.73578     65.417     65.000    28.5246    34.0962 254.449650 0.0000e+00
   3973.719  120.34168   21.73576     60.384     60.000    28.7352    34.0399 254.449765 0.0000e+00
   3985.819  120.34171   21.73573     55.351     55.000    28.8124    33.9545 254.449905 0.0000e+00
   4000.469  120.34175   21.73569     50.319     50.000    28.9341    33.8463 254.450075 0.0000e+00
   4012.131  120.34179   21.73566     45.286     45.000    28.9969    33.7563 254.450210 0.0000e+00
   4020.915  120.34181   21.73564     40.254     40.000    29.0585    33.6325 254.450312 0.0000e+00
   4031.728  120.34184   21.73561     35.222     35.000    29.0880    33.6168 254.450437 0.0000e+00
   4042.781  120.34187   21.73559     30.190     30.000    29.1091    33.6121 254.450565 0.0000e+00
   4059.027  120.34191   21.73555     25.158     25.000    29.1670    33.5954 254.450753 0.0000e+00
   4074.505  120.34195   21.73551     20.126     20.000    29.2001    33.5862 254.450932 0.0000e+00
   4083.852  120.34197   21.73549     15.094     15.000    29.2981    33.5907 254.451040 0.0000e+00
   4093.927  120.34200   21.73547     10.063     10.000    29.4650    33.5930 254.451157 0.0000e+00
   4104.781  120.34202   21.73544      5.031      5.000    29.5996    33.5963 254.451282 0.0000e+00
