julia/user/A_binavg.cnv
* Sea-Bird SBE 9 Data File:
* FileName = D:\CR2022\A.dat
* Software Version Seasave Win32 V 5.39c
* Temperature SN = 1572
* Conductivity SN = 04-4107
* Number of Bytes Per Scan = 38
* Number of Voltage Words = 5
* Number of Scans Averaged by the Deck Unit = 1
* NMEA Latitude = 21 44.700 N
* NMEA Longitude = 120 19.990 E
* NMEA UTC (Time) = Sep 11 2017  09:41:27
** Ship:  Ocean Research No.3
** Cruise:  3-2022
** Station:  A
** Latitude:   21-44.712
** Longitude:  120-118.987
** Depth: 1801M
# nquan = 9
# nvalues = 395                         
# units = specified
# name 0 = timeS: Time, Elapsed [seconds]
# name 1 = longitude: Longitude [deg]
# name 2 = latitude: Latitude [deg]
# name 3 = prDM: Pressure, Digiquartz [db]
# name 4 = depSM: Depth [salt water, m]
# name 5 = t090C: Temperature [ITS-90, deg C]
# name 6 = sal00: Salinity, Practical [PSU]
# name 7 = timeJ: Julian Days
# name 8 = flag: flag
# span 0 =     25.608,   4104.781       
# span 1 =  120.33306,  120.34202       
# span 2 =   21.73544,   21.74489       
# span 3 =      5.031,    998.586       
# span 4 =      5.000,    990.000       
# span 5 =     4.2652,    29.6237       
# span 6 =    33.5833,    34.9571       
# span 7 = 254.404070, 254.451282       
# span 8 = 0.0000e+00, 0.0000e+00       
# interval = meters: 5                  
# start_time = Sep 11 2017 09:41:26 [System UTC, first data scan.]
# bad_flag = -9.990e-29
*END*
     25.608  120.33318   21.74489      5.031      5.000    29.6237    33.5954 254.404070 0.0000e+00
     44.578  120.33318   21.74476     10.063     10.000    29.2769    33.5890 254.404289 0.0000e+00
     52.413  120.33318   21.74471     15.094     15.000    29.1755    33.5833 254.404380 0.0000e+00
     62.849  120.33318   21.74465     20.126     20.000    29.1365    33.6026 254.404501 0.0000e+00
     73.740  120.33318   21.74459     25.158     25.000    29.0902    33.6190 254.404627 0.0000e+00
     84.414  120.33316   21.74453     30.190     30.000    29.0337    33.6310 254.404750 0.0000e+00
     95.244  120.33316   21.74447     35.222     35.000    28.9934    33.7072 254.404876 0.0000e+00
    105.991  120.33315   21.74441     40.254     40.000    28.9869    33.7516 254.405000 0.0000e+00
    116.619  120.33314   21.74436     45.286     45.000    28.9811    33.7875 254.405123 0.0000e+00
    126.999  120.33314   21.74430     50.319     50.000    28.8525    33.8900 254.405243 0.0000e+00
    137.410  120.33312   21.74425     55.351     55.000    28.6680    34.0191 254.405364 0.0000e+00
    148.205  120.33311   21.74420     60.384     60.000    28.6657    34.0334 254.405488 0.0000e+00
    158.714  120.33310   21.74415     65.417     65.000    28.6342    34.0638 254.405610 0.0000e+00
    169.437  120.33310   21.74409     70.450     70.000    28.5824    34.0779 254.405734 0.0000e+00
    180.097  120.33310   21.74404     75.483     75.000    28.4373    34.1080 254.405858 0.0000e+00
    191.062  120.33310   21.74399     80.516     80.000    27.9052    34.1740 254.405985 0.0000e+00
    202.102  120.33310   21.74394     85.549     85.000    27.0221    34.3105 254.406112 0.0000e+00
    213.224  120.33310   21.74388     90.583     90.000    26.8177    34.3449 254.406241 0.0000e+00
    224.323  120.33309   21.74383     95.616     95.000    26.7405    34.3596 254.406369 0.0000e+00
    235.352  120.33308   21.74378    100.650    100.000    26.6937    34.3677 254.406497 0.0000e+00
    246.642  120.33308   21.74372    105.684    105.000    26.6443    34.3757 254.406628 0.0000e+00
    257.698  120.33308   21.74367    110.718    110.000    26.4202    34.4088 254.406756 0.0000e+00
    268.596  120.33307   21.74362    115.752    115.000    26.0007    34.4529 254.406882 0.0000e+00
    279.117  120.33306   21.74356    120.786    120.000    24.9631    34.5428 254.407004 0.0000e+00
    289.676  120.33306   21.74351    125.820    125.000    24.0552    34.5938 254.407126 0.0000e+00
    300.410  120.33308   21.74347    130.854    130.000    23.6949    34.6586 254.407250 0.0000e+00
    311.260  120.33308   21.74342    135.889    135.000    23.0282    34.8446 254.407376 0.0000e+00
    322.315  120.33308   21.74337    140.923    140.000    22.2973    34.9571 254.407504 0.0000e+00
    333.710  120.33308   21.74332    145.958    145.000    21.8727    34.9514 254.407636 0.0000e+00
    344.842  120.33310   21.74328    150.993    150.000    21.8218    34.9354 254.407764 0.0000e+00
    355.689  120.33310   21.74323    156.028    155.000    21.4631    34.9013 254.407890 0.0000e+00
    366.245  120.33310   21.74319    161.063    160.000    19.7290    34.8610 254.408012 0.0000e+00
    376.757  120.33312   21.74315    166.099    165.000    18.9307    34.8269 254.408134 0.0000e+00
    387.545  120.33313   21.74311    171.134    170.000    18.7195    34.8113 254.408259 0.0000e+00
    398.466  120.33314   21.74307    176.169    175.000    18.5534    34.8005 254.408385 0.0000e+00
    409.687  120.33316   21.74302    181.205    180.000    18.3544    34.7886 254.408515 0.0000e+00
    420.762  120.33317   21.74298    186.241    185.000    17.6403    34.7523 254.408643 0.0000e+00
    431.354  120.33318   21.74294    191.277    190.000    16.8397    34.7112 254.408766 0.0000e+00
    441.917  120.33319   21.74290    196.313    195.000    16.6798    34.6996 254.408888 0.0000e+00
    452.687  120.33320   21.74286    201.349    200.000    16.6525    34.6963 254.409013 0.0000e+00
    463.495  120.33322   21.74281    206.385    205.000    16.5959    34.6926 254.409138 0.0000e+00
    474.569  120.33324   21.74277    211.421    210.000    16.2023    34.6702 254.409266 0.0000e+00
    485.453  120.33324   21.74273    216.458    215.000    15.9487    34.6540 254.409392 0.0000e+00
    496.440  120.33326   21.74269    221.494    220.000    15.7144    34.6382 254.409519 0.0000e+00
    507.364  120.33328   21.74265    226.531    225.000    15.3090    34.6068 254.409645 0.0000e+00
    518.324  120.33330   21.74261    231.568    230.000    14.9519    34.5831 254.409772 0.0000e+00
    529.354  120.33332   21.74257    236.605    235.000    14.6076    34.5627 254.409900 0.0000e+00
    540.258  120.33334   21.74253    241.642    240.000    14.1215    34.5339 254.410026 0.0000e+00
    551.249  120.33336   21.74249    246.679    245.000    13.5938    34.5153 254.410153 0.0000e+00
    562.029  120.33337   21.74245    251.717    250.000    13.2687    34.4956 254.410278 0.0000e+00
    572.884  120.33339   21.74242    256.754    255.000    13.1059    34.4833 254.410404 0.0000e+00
    583.692  120.33341   21.74238    261.792    260.000    13.0158    34.4756 254.410529 0.0000e+00
    594.676  120.33343   21.74234    266.829    265.000    12.9592    34.4696 254.410656 0.0000e+00
    605.599  120.33345   21.74230    271.867    270.000    12.8490    34.4608 254.410782 0.0000e+00
    616.574  120.33346   21.74227    276.905    275.000    12.7370    34.4544 254.410909 0.0000e+00
    627.647  120.33349   21.74223    281.943    280.000    12.6616    34.4499 254.411038 0.0000e+00
    638.603  120.33351   21.74219    286.981    285.000    12.5278    34.4470 254.411164 0.0000e+00
    649.597  120.33353   21.74215    292.020    290.000    12.3527    34.4469 254.411292 0.0000e+00
    660.781  120.33356   21.74211    297.058    295.000    12.3012    34.4476 254.411421 0.0000e+00
    671.638  120.33359   21.74207    302.097    300.000    12.2380    34.4450 254.411547 0.0000e+00
    682.799  120.33361   21.74204    307.135    305.000    12.0974    34.4345 254.411676 0.0000e+00
    693.657  120.33365   21.74200    312.174    310.000    11.9937    34.4232 254.411802 0.0000e+00
    704.757  120.33367   21.74196    317.213    315.000    11.9436    34.4161 254.411930 0.0000e+00
    715.902  120.33370   21.74193    322.252    320.000    11.7787    34.4073 254.412059 0.0000e+00
    726.985  120.33374   21.74189    327.291    325.000    11.5772    34.3973 254.412187 0.0000e+00
    738.025  120.33377   21.74186    332.330    330.000    11.4443    34.3906 254.412315 0.0000e+00
    749.015  120.33381   21.74182    337.370    335.000    11.3201    34.3843 254.412442 0.0000e+00
    759.739  120.33384   21.74179    342.409    340.000    10.9988    34.3711 254.412566 0.0000e+00
    770.484  120.33387   21.74176    347.449    345.000    10.7316    34.3578 254.412691 0.0000e+00
    781.129  120.33391   21.74173    352.489    350.000    10.5542    34.3487 254.412814 0.0000e+00
    791.771  120.33393   21.74170    357.529    355.000    10.2683    34.3427 254.412937 0.0000e+00
    802.530  120.33397   21.74167    362.569    360.000    10.0096    34.3429 254.413062 0.0000e+00
    813.192  120.33399   21.74165    367.609    365.000     9.8412    34.3405 254.413185 0.0000e+00
    824.177  120.33403   21.74162    372.649    370.000     9.7154    34.3367 254.413312 0.0000e+00
    835.157  120.33406   21.74159    377.690    375.000     9.5388    34.3298 254.413439 0.0000e+00
    846.553  120.33410   21.74156    382.730    380.000     9.3298    34.3262 254.413571 0.0000e+00
    857.869  120.33413   21.74153    387.771    385.000     9.2276    34.3243 254.413702 0.0000e+00
    869.185  120.33416   21.74149    392.812    390.000     9.1471    34.3225 254.413833 0.0000e+00
    880.323  120.33419   21.74147    397.852    395.000     9.0828    34.3218 254.413962 0.0000e+00
    891.353  120.33422   21.74144    402.893    400.000     9.0461    34.3236 254.414090 0.0000e+00
    902.234  120.33425   21.74141    407.934    405.000     9.0477    34.3312 254.414216 0.0000e+00
    913.250  120.33428   21.74138    412.976    410.000     9.0607    34.3419 254.414343 0.0000e+00
    924.132  120.33431   21.74135    418.017    415.000     9.0993    34.3591 254.414469 0.0000e+00
    935.529  120.33434   21.74133    423.058    420.000     9.0712    34.3682 254.414601 0.0000e+00
    946.769  120.33436   21.74130    428.100    425.000     9.0427    34.3741 254.414731 0.0000e+00
    958.093  120.33439   21.74127    433.142    430.000     8.9864    34.3759 254.414862 0.0000e+00
    969.520  120.33442   21.74124    438.184    435.000     8.9184    34.3755 254.414994 0.0000e+00
    980.685  120.33445   21.74122    443.226    440.000     8.8264    34.3747 254.415124 0.0000e+00
    991.973  120.33448   21.74119    448.268    445.000     8.7172    34.3722 254.415254 0.0000e+00
   1002.930  120.33450   21.74117    453.310    450.000     8.5448    34.3659 254.415381 0.0000e+00
   1014.037  120.33452   21.74114    458.352    455.000     8.4753    34.3623 254.415510 0.0000e+00
   1024.821  120.33455   21.74112    463.395    460.000     8.4643    34.3642 254.415635 0.0000e+00
   1036.109  120.33458   21.74109    468.437    465.000     8.4100    34.3625 254.415765 0.0000e+00
   1047.076  120.33460   21.74107    473.480    470.000     8.3813    34.3598 254.415892 0.0000e+00
   1058.079  120.33463   21.74105    478.523    475.000     8.3670    34.3588 254.416019 0.0000e+00
   1068.897  120.33466   21.74103    483.566    480.000     8.3345    34.3589 254.416145 0.0000e+00
   1080.050  120.33468   21.74100    488.609    485.000     8.2910    34.3562 254.416274 0.0000e+00
   1090.801  120.33471   21.74098    493.652    490.000     8.2566    34.3547 254.416398 0.0000e+00
   1101.696  120.33473   21.74096    498.695    495.000     8.2218    34.3550 254.416524 0.0000e+00
   1111.818  120.33475   21.74094    503.739    500.000     8.2177    34.3560 254.416641 0.0000e+00
   1121.671  120.33478   21.74092    508.782    505.000     8.1999    34.3551 254.416755 0.0000e+00
   1131.440  120.33480   21.74090    513.826    510.000     8.1470    34.3525 254.416869 0.0000e+00
   1140.992  120.33482   21.74088    518.870    515.000     8.1001    34.3508 254.416979 0.0000e+00
   1150.592  120.33484   21.74087    523.914    520.000     8.0498    34.3519 254.417090 0.0000e+00
   1160.128  120.33487   21.74085    528.958    525.000     8.0268    34.3532 254.417201 0.0000e+00
   1169.551  120.33489   21.74083    534.002    530.000     7.9636    34.3538 254.417310 0.0000e+00
   1179.095  120.33492   21.74082    539.046    535.000     7.9220    34.3593 254.417420 0.0000e+00
   1188.597  120.33494   21.74080    544.091    540.000     7.8824    34.3656 254.417530 0.0000e+00
   1198.246  120.33496   21.74078    549.135    545.000     7.8747    34.3693 254.417642 0.0000e+00
   1207.815  120.33498   21.74076    554.180    550.000     7.8815    34.3737 254.417752 0.0000e+00
   1217.471  120.33501   21.74074    559.225    555.000     7.9146    34.3969 254.417864 0.0000e+00
   1227.122  120.33503   21.74072    564.270    560.000     7.8916    34.4149 254.417976 0.0000e+00
   1236.581  120.33505   21.74071    569.315    565.000     7.8633    34.4138 254.418085 0.0000e+00
   1246.407  120.33508   21.74069    574.360    570.000     7.6941    34.4087 254.418199 0.0000e+00
   1255.970  120.33510   21.74067    579.405    575.000     7.5707    34.4067 254.418310 0.0000e+00
   1266.042  120.33513   21.74065    584.450    580.000     7.4948    34.4066 254.418426 0.0000e+00
   1276.235  120.33515   21.74063    589.496    585.000     7.4093    34.3985 254.418544 0.0000e+00
   1285.999  120.33517   21.74061    594.542    590.000     7.3128    34.3879 254.418657 0.0000e+00
   1295.856  120.33520   21.74059    599.587    595.000     7.2682    34.3865 254.418771 0.0000e+00
   1305.716  120.33523   21.74057    604.633    600.000     7.2538    34.3868 254.418886 0.0000e+00
   1315.631  120.33525   21.74055    609.679    605.000     7.1356    34.3932 254.419000 0.0000e+00
   1325.708  120.33528   21.74053    614.725    610.000     7.0813    34.3906 254.419117 0.0000e+00
   1335.401  120.33530   21.74051    619.772    615.000     7.0699    34.3918 254.419229 0.0000e+00
   1345.393  120.33532   21.74049    624.818    620.000     7.0271    34.4003 254.419345 0.0000e+00
   1355.072  120.33535   21.74048    629.864    625.000     7.0171    34.4083 254.419457 0.0000e+00
   1364.962  120.33536   21.74046    634.911    630.000     6.9939    34.4098 254.419571 0.0000e+00
   1374.635  120.33539   21.74044    639.958    635.000     6.9548    34.4098 254.419683 0.0000e+00
   1384.535  120.33541   21.74043    645.005    640.000     6.9381    34.4080 254.419798 0.0000e+00
   1394.183  120.33543   21.74041    650.052    645.000     6.9229    34.4069 254.419910 0.0000e+00
   1403.918  120.33545   21.74040    655.099    650.000     6.8962    34.4093 254.420022 0.0000e+00
   1413.779  120.33547   21.74038    660.146    655.000     6.8826    34.4113 254.420136 0.0000e+00
   1423.483  120.33549   21.74036    665.193    660.000     6.8552    34.4142 254.420249 0.0000e+00
   1433.184  120.33551   21.74035    670.241    665.000     6.7755    34.4238 254.420361 0.0000e+00
   1443.257  120.33553   21.74033    675.288    670.000     6.6793    34.4345 254.420478 0.0000e+00
   1452.873  120.33555   21.74031    680.336    675.000     6.5858    34.4417 254.420589 0.0000e+00
   1462.787  120.33557   21.74029    685.384    680.000     6.5496    34.4499 254.420704 0.0000e+00
   1472.562  120.33559   21.74027    690.432    685.000     6.4154    34.4558 254.420817 0.0000e+00
   1482.626  120.33561   21.74025    695.480    690.000     6.3969    34.4552 254.420933 0.0000e+00
   1492.403  120.33563   21.74023    700.528    695.000     6.3889    34.4549 254.421046 0.0000e+00
   1502.365  120.33566   21.74022    705.576    700.000     6.3837    34.4547 254.421162 0.0000e+00
   1512.117  120.33567   21.74020    710.625    705.000     6.3748    34.4550 254.421275 0.0000e+00
   1522.006  120.33569   21.74018    715.673    710.000     6.3476    34.4563 254.421389 0.0000e+00
   1531.757  120.33571   21.74017    720.722    715.000     6.2181    34.4625 254.421502 0.0000e+00
   1541.719  120.33572   21.74015    725.771    720.000     6.0570    34.4699 254.421617 0.0000e+00
   1551.443  120.33574   21.74013    730.820    725.000     6.0205    34.4698 254.421730 0.0000e+00
   1561.376  120.33576   21.74011    735.869    730.000     5.9000    34.4706 254.421845 0.0000e+00
   1571.230  120.33578   21.74009    740.918    735.000     5.8241    34.4721 254.421959 0.0000e+00
   1581.205  120.33580   21.74007    745.967    740.000     5.7539    34.4754 254.422074 0.0000e+00
   1591.177  120.33582   21.74005    751.017    745.000     5.7011    34.4775 254.422190 0.0000e+00
   1600.496  120.33583   21.74003    756.066    750.000     5.6487    34.4802 254.422297 0.0000e+00
   1610.123  120.33584   21.74002    761.116    755.000     5.5891    34.4819 254.422409 0.0000e+00
   1619.576  120.33586   21.74000    766.165    760.000     5.5507    34.4822 254.422518 0.0000e+00
   1629.143  120.33588   21.73998    771.215    765.000     5.5280    34.4825 254.422629 0.0000e+00
   1638.845  120.33589   21.73997    776.265    770.000     5.5047    34.4827 254.422741 0.0000e+00
   1648.803  120.33591   21.73995    781.315    775.000     5.4780    34.4842 254.422857 0.0000e+00
   1658.594  120.33593   21.73994    786.366    780.000     5.4385    34.4867 254.422970 0.0000e+00
   1668.601  120.33595   21.73992    791.416    785.000     5.4001    34.4883 254.423086 0.0000e+00
   1678.586  120.33597   21.73990    796.467    790.000     5.3677    34.4900 254.423201 0.0000e+00
   1688.398  120.33599   21.73988    801.517    795.000     5.2525    34.4935 254.423315 0.0000e+00
   1698.100  120.33600   21.73986    806.568    800.000     5.2277    34.4928 254.423427 0.0000e+00
